
R (0,0) (99,99) 255 255 190  250 255 100  255 69 0  255 127 80

C (50,80) 20 255 255 0

C (99,3) 5 250 250 250
C (90,6) 8 250 250 250
C (80,4) 6 250 250 250
C (73,3) 3 250 250 250

C (0,20) 5 250 250 250
C (4,23) 3 250 250 250

C (99,23) 5 250 250 250
C (95,25) 3 250 250 250


R (0,99) (20,50) 15 15 15
R (18,99) (35,64) 30 30 30
R (30,99) (55,80) 5 5 5
R (54,99) (70,70) 20 20 20
R (70,99) (85,60) 30 30 30
R (80,99) (95,75) 10 10 10
R (95,99) (99,55) 25 25 25

L (88,74) (88,70) 50 50 50
L (84,71) (90,71) 20 20 20
L (86,73) (91,73) 20 20 20

R (0,99) (12,70) 46 46 46
R (37,99) (58,88) 40 40 40
R (99,99) (90,82) 40 40 40

R (10,50) (10,42) 30 30 30
L (8,43) (12,43) 50 50 50
L (7,47) (13,47) 50 50 50

L (43,80) (43,73) 0 0 0
L (39,80) (43,76) 0 0 0
L (36,80) (43,75) 0 0 0
L (47,80) (43,76) 0 0 0
L (50,80) (43,75) 0 0 0

L (28,65) (28,58) 0 0 0
L (25,59) (31,59) 0 0 0
L (26,62) (33 ,62) 0 0 0

L (10,45) (95,60) 0 0 0
L (10,45) (95,56) 0 0 0


L (1,1) (3,3) 0 0 0
L (3,3) (4,1) 0 0 0

L (6,6) (8,8) 0 0 0
L (8,8) (10,5) 0 0 0

L (70,2) (72,4) 0 0 0
L (72,4) (74,1) 0 0 0

L (50,20) (52,22) 0 0 0
L (52,22) (54,19) 0 0 0

L (30,8) (32,10) 0 0 0
L (32,10) (34,7) 0 0 0

L (88,15) (90,17) 0 0 0
L (90,17) (92,14) 0 0 0

L (3,25) (5,27) 0 0 0
L (5,27) (7,24) 0 0 0

R (1,98) (2,97) 250 230 230
R (1,92) (2,91) 250 230 230
R (1,86) (2,85) 250 230 230
R (1,80) (2,79) 250 230 230
R (1,74) (2,73) 250 230 230

R (8,98) (9,97) 250 230 230
R (8,92) (9,91) 250 230 230
R (8,86) (9,85) 250 230 230
R (8,80) (9,79) 250 230 230
R (8,74) (9,73) 250 230 230

R (40,98) (41,97) 250 230 230
R (40,92) (41,91) 250 230 230

R (46,98) (47,97) 250 230 230
R (46,92) (47,91) 250 230 230

R (52,98) (53,97) 250 230 230
R (52,92) (53,91) 250 230 230

R (92,98) (93,97) 250 230 230
R (92,92) (93,91) 250 230 230
R (92,86) (93,85) 250 230 230

R (98,98) (99,97) 250 230 230
R (98,92) (99,91) 250 230 230
R (98,86) (99,85) 250 230 230

R (20,98) (21,97) 250 230 230
R (20,92) (21,91) 250 230 230
R (20,86) (21,85) 250 230 230
R (20,80) (21,79) 250 230 230
R (20,74) (21,73) 250 230 230
R (20,68) (21,67) 250 230 230

R (26,98) (27,97) 250 230 230
R (26,92) (27,91) 250 230 230
R (26,86) (27,85) 250 230 230
R (26,80) (27,79) 250 230 230
R (26,74) (27,73) 250 230 230
R (26,68) (27,67) 250 230 230

L (32,79) (33,79) 250 230 230
R (32,74) (33,73) 250 230 230
R (32,68) (33,67) 250 230 230

R (71,98) (72,97) 250 230 230
R (71,92) (72,91) 250 230 230
R (71,86) (72,85) 250 230 230
R (71,80) (72,79) 250 230 230
R (71,74) (72,73) 250 230 230
R (71,68) (72,67) 250 230 230
R (71,63) (72,62) 250 230 230

R (77,98) (78,97) 250 230 230
R (77,92) (78,91) 250 230 230
R (77,86) (78,85) 250 230 230
R (77,80) (78,79) 250 230 230
R (77,74) (78,73) 250 230 230
R (77,68) (78,67) 250 230 230
R (77,63) (78,62) 250 230 230

R (83,74) (84,73) 250 230 230
R (83,68) (84,67) 250 230 230
R (83,63) (84,62) 250 230 230
